	VP Statistic
---------------------------------------------------------
<sorg:openingHours>	96031	1098634005	0.00
<gr:validFrom>	3595844	1098634005	0.00
<wsdbm:subscribes>	14999080	1098634005	0.01
<sorg:paymentAccepted>	72127	1098634005	0.00
<rev:totalVotes>	747786	1098634005	0.00
<sorg:faxNumber>	11970	1098634005	0.00
<mo:artist>	132709	1098634005	0.00
<sorg:isbn>	166734	1098634005	0.00
<sorg:nationality>	2000713	1098634005	0.00
<sorg:author>	399974	1098634005	0.00
<rev:title>	4501543	1098634005	0.00
<gn:parentCountry>	240	1098634005	0.00
<gr:includes>	9000000	1098634005	0.01
<og:title>	2500000	1098634005	0.00
<rev:hasReview>	14789439	1098634005	0.01
<sorg:contentRating>	750835	1098634005	0.00
<sorg:eligibleQuantity>	9000000	1098634005	0.01
<wsdbm:friendOf>	449969341	1098634005	0.41
<sorg:bookEdition>	83384	1098634005	0.00
<sorg:duration>	50086	1098634005	0.00
<wsdbm:hits>	500000	1098634005	0.00
<sorg:printSection>	33306	1098634005	0.00
<sorg:jobTitle>	499527	1098634005	0.00
<foaf:age>	4998434	1098634005	0.00
<gr:description>	120000	1098634005	0.00
<mo:release>	82964	1098634005	0.00
<sorg:contentSize>	249962	1098634005	0.00
<sorg:email>	9096281	1098634005	0.01
<sorg:producer>	83261	1098634005	0.00
<mo:conductor>	41830	1098634005	0.00
<wsdbm:gender>	5999423	1098634005	0.01
<wsdbm:follows>	327487530	1098634005	0.30
<sorg:director>	133767	1098634005	0.00
<sorg:datePublished>	116441	1098634005	0.00
<sorg:printEdition>	33312	1098634005	0.00
<sorg:publisher>	133272	1098634005	0.00
<mo:record_number>	82927	1098634005	0.00
<sorg:expires>	125025	1098634005	0.00
<sorg:numberOfPages>	41672	1098634005	0.00
<sorg:birthDate>	1999581	1098634005	0.00
<rev:text>	10500106	1098634005	0.01
<mo:performer>	41824	1098634005	0.00
<dc:Location>	4000049	1098634005	0.00
<gr:validThrough>	3602004	1098634005	0.00
<wsdbm:purchaseDate>	4502430	1098634005	0.00
<sorg:printColumn>	33312	1098634005	0.00
<sorg:description>	1502748	1098634005	0.00
<sorg:legalName>	12078	1098634005	0.00
<mo:performed_in>	41623	1098634005	0.00
<rev:reviewer>	15000000	1098634005	0.01
<sorg:caption>	250207	1098634005	0.00
<sorg:printPage>	33306	1098634005	0.00
<foaf:givenName>	7001593	1098634005	0.01
<sorg:eligibleRegion>	22527455	1098634005	0.02
<gr:offers>	14156906	1098634005	0.01
<gr:price>	24000000	1098634005	0.02
<sorg:actor>	1675461	1098634005	0.00
<sorg:wordCount>	33128	1098634005	0.00
<wsdbm:composer>	41890	1098634005	0.00
<sorg:trailer>	24960	1098634005	0.00
<gr:name>	120000	1098634005	0.00
<rev:rating>	15000000	1098634005	0.01
<wsdbm:userId>	10000000	1098634005	0.01
<mo:opus>	66624	1098634005	0.00
<sorg:telephone>	583744	1098634005	0.00
<sorg:aggregateRating>	48076	1098634005	0.00
<wsdbm:likes>	11246476	1098634005	0.01
<sorg:text>	749948	1098634005	0.00
<mo:movement>	66624	1098634005	0.00
<wsdbm:purchaseFor>	15000000	1098634005	0.01
<mo:producer>	82870	1098634005	0.00
<foaf:familyName>	7001593	1098634005	0.01
<rdf:type>	14800449	1098634005	0.01
<og:tag>	14987949	1098634005	0.01
<foaf:homepage>	1118496	1098634005	0.00
<wsdbm:makesPurchase>	14999930	1098634005	0.01
<sorg:employee>	119799	1098634005	0.00
<sorg:award>	50117	1098634005	0.00
<gr:serialNumber>	9000000	1098634005	0.01
<sorg:contactPoint>	95822	1098634005	0.00
<sorg:language>	641195	1098634005	0.00
<sorg:keywords>	751190	1098634005	0.00
<sorg:priceValidUntil>	1801266	1098634005	0.00
<wsdbm:hasGenre>	5936571	1098634005	0.01
<sorg:editor>	157835	1098634005	0.00
<sorg:url>	500000	1098634005	0.00
---------------------------------------------------------
Saved tabels ->86
Unsaved non-empty tables ->0
Empty tables ->0
